0 4095
2048 320890
4096 390813
6144 1783
65536 4397990
67584 3880395
69632 8569845
71680 4966659
73728 2599412
75776 907598
77824 3370904
79872 3358235
81920 5936958
83968 11105391
86016 5900223
88064 10237841
90112 1672649
92160 5097170
94208 2446919
96256 7539159
1474560 128984456
1476608 139487515
1478656 131122327
1480704 135917187
1482752 107651181
1484800 116722371
1486848 114397555
1488896 113372021
1490944 123902396
1492992 127684673
1495040 132574283
1497088 127681472
1499136 109038418
1501184 109307633
1503232 120538935
1505280 114553694
1540096 8190
1542144 8192
1544192 8192
1546240 8192
1548288 7621
1550336 4096
1552384 4096
1554432 4096
1556480 4096
1558528 4096
1560576 4096
1562624 4096
1564672 4096
1566720 4096
1568768 4276387
1570816 4095