Thu Jul 04 12:05:07 2013

pointer cache: no
random replacement sheme for pointer cache
method:start_gap
pcm size(line):16777216
addresses have been narrowed.
include extra wear-leveling write
cell lifetime: 100000000
deepth of the deepest point: 0
access count: 100000001
total write count: 100000001
total write count(without remapping): 0
percent(without/with remapping): 0.0000
wear-out count: 0
exceeded write count: 0
average access delay: 50 ns
normal space : backup space = 16777216 : 0 backup space percent:0.00

wear-out percent: 0.0000

count interval: 131072
footprint
0 25060
131072 26892
262144 115775
393216 25382
524288 25430
655360 116013
786432 5979492
917504 24419
1048576 24075
1179648 23892
1310720 115652
1441792 25174
1572864 25296
1703936 115368
1835008 23768
1966080 48000
2097152 25204
2228224 115437
2359296 34212
2490368 27224
2621440 22956
2752512 40407
2883584 115362
3014656 25451
3145728 25300
3276800 116158
3407872 26398
3538944 23780
3670016 22956
3801088 28290
3932160 115193
4063232 25452
4194304 26231
4325376 25544
4456448 59606
4587520 115306
4718592 115193
4849664 25272
4980736 23928
5111808 26940
5242880 30828
5373952 26468
5505024 25288
5636096 118701
5767168 115242
5898240 25488
6029312 22956
6160384 36128773
6291456 115460
6422528 25353
6553600 29691
6684672 25397
6815744 23840
6946816 60287
7077888 25188
7208960 115750
7340032 115484
7471104 25242
7602176 23320
7733248 23688
7864320 26071
7995392 49055
8126464 25286
8257536 115740
8388608 43464
8519680 24884
8650752 116736
8781824 25344
8912896 25329
9043968 115652
9175040 23736
9306112 23331
9437184 28535
9568256 23756
9699328 115716
9830400 25274
9961472 26379
10092544 115793
10223616 24154
10354688 24568
10485760 25452
10616832 115193
10747904 42526480
10878976 22956
11010048 26780
11141120 26976
11272192 115378
11403264 49828
11534336 25464
11665408 115290
11796480 25844
11927552 23484
12058624 23768
12189696 27087
12320768 115353
12451840 25600
12582912 27657
12713984 22956
12845056 25344
12976128 115110
13107200 115425
13238272 25263
13369344 24272
13500416 23596
13631488 26670
13762560 22956
13893632 25320
14024704 115350
14155776 115558
14286848 25348
14417920 25364
14548992 34128
14680064 115569
14811136 25418
14942208 68805
15073280 9118916
15204352 23940
15335424 23380
15466496 25340
15597568 82219
15728640 115363
15859712 25404
15990784 50544
16121856 25868
16252928 25043
16384000 23451
16515072 25148
16646144 115608
var: 24649016908332.0586
stdev: 4964777.6293
avr: 781250.0078
cov: 6.3549

