Thu Jul 04 11:56:40 2013

pointer cache: no
random replacement sheme for pointer cache
method:start_gap
pcm size(line):16777216
addresses have been narrowed.
include extra wear-leveling write
cell lifetime: 100000000
deepth of the deepest point: 0
access count: 100000001
total write count: 100000001
total write count(without remapping): 0
percent(without/with remapping): 0.0000
wear-out count: 0
exceeded write count: 0
average access delay: 50 ns
normal space : backup space = 16777216 : 0 backup space percent:0.00

wear-out percent: 0.0000

count interval: 131072
footprint
0 170690
131072 92331
262144 92109
393216 91162
524288 90841
655360 91815
786432 92812
917504 112970
1048576 158999
1179648 97921
1310720 89855
1441792 91472
1572864 90116
1703936 90422
1835008 94061
1966080 91265
2097152 4916818
2228224 90592
2359296 110838
2490368 91404
2621440 269977
2752512 92768
2883584 92391
3014656 89862
3145728 93248
3276800 92648
3407872 96323
3538944 95660
3670016 46222289
3801088 183434
3932160 92418
4063232 92196
4194304 100056
4325376 93619
4456448 92071
4587520 92030
4718592 91964
4849664 92574
4980736 1798438
5111808 210045
5242880 100366
5373952 92888
5505024 90248
5636096 103258
5767168 89402
5898240 90952
6029312 25980646
6160384 105261
6291456 86034
6422528 92260
6553600 125452
6684672 102297
6815744 91581
6946816 111480
7077888 89934
7208960 91432
7340032 91475
7471104 91908
7602176 137170
7733248 91391
7864320 98455
7995392 104574
8126464 94101
8257536 95570
8388608 106679
8519680 93426
8650752 95865
8781824 91064
8912896 92557
9043968 96730
9175040 91930
9306112 99791
9437184 95865
9568256 93222
9699328 88318
9830400 87585
9961472 94166
10092544 96908
10223616 99907
10354688 107910
10485760 90966
10616832 89265
10747904 107459
10878976 113994
11010048 93195
11141120 95671
11272192 91584
11403264 92038
11534336 93337
11665408 89524
11796480 184536
11927552 108829
12058624 90087
12189696 118392
12320768 93784
12451840 91617
12582912 109677
12713984 3690598
12845056 93014
12976128 88079
13107200 93634
13238272 89592
13369344 94805
13500416 99107
13631488 96454
13762560 150649
13893632 4919423
14024704 90426
14155776 90536
14286848 91757
14417920 90535
14548992 127420
14680064 92373
14811136 89529
14942208 112920
15073280 97735
15204352 99767
15335424 152118
15466496 92572
15597568 92237
15728640 97280
15859712 90305
15990784 103574
16121856 92702
16252928 90171
16384000 139777
16515072 91438
16646144 92957
var: 21874644635933.8203
stdev: 4677033.7433
avr: 781250.0078
cov: 5.9866

