Thu Jul 04 12:07:54 2013

pointer cache: no
random replacement sheme for pointer cache
method:start_gap
pcm size(line):16777216
addresses have been narrowed.
include extra wear-leveling write
cell lifetime: 100000000
deepth of the deepest point: 0
access count: 100000001
total write count: 100000001
total write count(without remapping): 0
percent(without/with remapping): 0.0000
wear-out count: 0
exceeded write count: 0
average access delay: 50 ns
normal space : backup space = 16777216 : 0 backup space percent:0.00

wear-out percent: 0.0000

count interval: 131072
footprint
0 7760
131072 60176
262144 253264
393216 119352
524288 105789
655360 2482157
786432 46592
917504 15520
1048576 15520
1179648 46592
1310720 210643
1441792 85391
1572864 111617
1703936 565956
1835008 31072
1966080 7760
2097152 136847
2228224 325953
2359296 31072
2490368 15520
2621440 15520
2752512 50456
2883584 357001
3014656 135876
3145728 265884
3276800 5047909
3407872 46592
3538944 17460
3670016 30070
3801088 38821
3932160 653232
4063232 350457
4194304 46592
4325376 16491
4456448 165941
4587520 21412775
4718592 208580
4849664 107718
4980736 21340
5111808 38832
5242880 52412
5373952 7760
5505024 121324
5636096 1721871
5767168 505401
5898240 259152
6029312 15520
6160384 48516
6291456 201808
6422528 94139
6553600 15520
6684672 38832
6815744 46592
6946816 7760
7077888 81516
7208960 2256786
7340032 895873
7471104 126155
7602176 7760
7733248 186311
7864320 46592
7995392 15520
8126464 99957
8257536 2588024
8388608 15520
8519680 46592
8650752 851392
8781824 110629
8912896 109668
9043968 2410921
9175040 208590
9306112 19400
9437184 7760
9568256 46592
9699328 1006540
9830400 67922
9961472 81515
10092544 176623
10223616 38832
10354688 15520
10485760 136844
10616832 464663
10747904 49486
10878976 15520
11010048 7760
11141120 46592
11272192 365722
11403264 121328
11534336 106754
11665408 300761
11796480 38832
11927552 7760
12058624 15520
12189696 46592
12320768 1254238
12451840 141707
12582912 47562
12713984 35890
12845056 208714
12976128 892938
13107200 32390273
13238272 129095
13369344 15520
13500416 46592
13631488 47546
13762560 15520
13893632 145584
14024704 386124
14155776 475341
14286848 156266
14417920 15520
14548992 33012
14680064 7922468
14811136 110646
14942208 7760
15073280 31072
15204352 46592
15335424 15520
15466496 172678
15597568 214502
15728640 4143948
15859712 79574
15990784 15520
16121856 46592
16252928 107720
16384000 7760
16515072 95109
16646144 463747
var: 12265356301985.2031
stdev: 3502193.0703
avr: 781250.0078
cov: 4.4828

