Thu Jul 04 12:09:18 2013

pointer cache: no
random replacement sheme for pointer cache
method:start_gap
pcm size(line):16777216
addresses have been narrowed.
include extra wear-leveling write
cell lifetime: 100000000
deepth of the deepest point: 0
access count: 100000001
total write count: 100000001
total write count(without remapping): 0
percent(without/with remapping): 0.0000
wear-out count: 0
exceeded write count: 0
average access delay: 50 ns
normal space : backup space = 16777216 : 0 backup space percent:0.00

wear-out percent: 0.0000

count interval: 131072
footprint
0 59897
131072 60215
262144 90037
393216 63811
524288 62933
655360 79474
786432 60022
917504 60239
1048576 60230
1179648 60734
1310720 72623
1441792 63599
1572864 63006
1703936 71247
1835008 60464
1966080 60812
2097152 1265621
2228224 937108
2359296 61879
2490368 60269
2621440 60917
2752512 60648
2883584 66449
3014656 62807
3145728 64631
3276800 67627
3407872 61571
3538944 59589
3670016 60023
3801088 60871
3932160 63893
4063232 66642
4194304 60594
4325376 60578
4456448 63917
4587520 14107744
4718592 64064
4849664 62992
4980736 60962
5111808 60882
5242880 60730
5373952 59578
5505024 63819
5636096 69597
5767168 65346
5898240 4721392
6029312 60754
6160384 59907
6291456 68392
6422528 280786
6553600 59565
6684672 60769
6815744 59927
6946816 60703
7077888 62477
7208960 75341
7340032 99557
7471104 63606
7602176 59736
7733248 61709
7864320 60817
7995392 61207
8126464 63916
8257536 73264
8388608 59397
8519680 61212
8650752 79262
8781824 63569
8912896 63945
9043968 88009
9175040 60516
9306112 60753
9437184 59297
9568256 61410
9699328 92915
9830400 62443
9961472 62952
10092544 76842
10223616 60489
10354688 61358
10485760 4719397
10616832 64100
10747904 61802
10878976 60421
11010048 60995
11141120 61290
11272192 65116
11403264 1190200
11534336 63462
11665408 63904
11796480 61132
11927552 58951
12058624 60518
12189696 60678
12320768 47388416
12451840 64275
12582912 61087
12713984 61047
12845056 64748
12976128 64195
13107200 80401
13238272 62017
13369344 60372
13500416 60099
13631488 61000
13762560 60046
13893632 65128
14024704 66778
14155776 17650192
14286848 63791
14417920 60347
14548992 59974
14680064 91893
14811136 64001
14942208 59882
15073280 61201
15204352 60515
15335424 59432
15466496 62668
15597568 72473
15728640 92023
15859712 64745
15990784 61022
16121856 60727
16252928 61228
16384000 60425
16515072 62990
16646144 120012
var: 21305842021100.2852
stdev: 4615825.1723
avr: 781250.0078
cov: 5.9083

