Thu Jul 04 14:13:19 2013

pointer cache: no
random replacement sheme for pointer cache
method:start_gap
pcm size(line):16777216
addresses have been narrowed.
include extra wear-leveling write
cell lifetime: 100000000
deepth of the deepest point: 0
access count: 100000001
total write count: 100000001
total write count(without remapping): 0
percent(without/with remapping): 0.0000
wear-out count: 0
exceeded write count: 0
average access delay: 50 ns
normal space : backup space = 16777216 : 0 backup space percent:0.00

wear-out percent: 0.0000

count interval: 131072
footprint
0 572278
131072 149550
262144 189429
393216 73778
524288 65802
655360 173478
786432 317046
917504 1020720
1048576 809564
1179648 63808
1310720 147556
1441792 79760
1572864 59820
1703936 167496
1835008 2482530
1966080 2203363
2097152 111664
2228224 528409
2359296 6189376
2490368 53838
2621440 47856
2752512 2839456
2883584 209370
3014656 63808
3145728 787613
3276800 129610
3407872 2725703
3538944 189430
3670016 35892
3801088 949144
3932160 382843
4063232 69790
4194304 3270125
4325376 253238
4456448 121634
4587520 137586
4718592 121634
4849664 65802
4980736 11964
5111808 307076
5242880 2484524
5373952 67796
5505024 99694
5636096 731669
5767168 699894
5898240 63808
6029312 33898
6160384 4556289
6291456 137585
6422528 79759
6553600 181454
6684672 63808
6815744 556326
6946816 1433680
7077888 55832
7208960 205380
7340032 101694
7471104 89730
7602176 219340
7733248 510464
7864320 315052
7995392 1006912
8126464 47856
8257536 265202
8388608 1285920
8519680 526416
8650752 354932
8781824 65802
8912896 107676
9043968 137586
9175040 297106
9306112 610164
9437184 811508
9568256 1034886
9699328 143568
9830400 67796
9961472 61814
10092544 193415
10223616 63808
10354688 3208346
10485760 65802
10616832 338979
10747904 2438662
10878976 45862
11010048 55832
11141120 4843426
11272192 127616
11403264 133598
11534336 65802
11665408 129610
11796480 1337974
11927552 5982
12058624 129610
12189696 3858320
12320768 1471559
12451840 408770
12582912 709863
12713984 29910
12845056 65802
12976128 157526
13107200 121634
13238272 21933
13369344 356926
13500416 588206
13631488 3228284
13762560 29910
13893632 65802
14024704 223328
14155776 340974
14286848 201391
14417920 45862
14548992 7389764
14680064 215346
14811136 69790
14942208 1323979
15073280 1716834
15204352 63808
15335424 14121508
15466496 93718
15597568 199399
15728640 153537
15859712 61814
15990784 693816
16121856 564302
16252928 63808
16384000 259219
16515072 69790
16646144 137586
var: 2879592595065.2588
stdev: 1696936.2378
avr: 781250.0078
cov: 2.1721

