Thu Jul 04 12:01:39 2013

pointer cache: no
random replacement sheme for pointer cache
method:start_gap
pcm size(line):16777216
addresses have been narrowed.
include extra wear-leveling write
cell lifetime: 100000000
deepth of the deepest point: 0
access count: 100000001
total write count: 100000001
total write count(without remapping): 0
percent(without/with remapping): 0.0000
wear-out count: 0
exceeded write count: 0
average access delay: 50 ns
normal space : backup space = 16777216 : 0 backup space percent:0.00

wear-out percent: 0.0000

count interval: 131072
footprint
0 271521
131072 234913
262144 272897
393216 200631
524288 291490
655360 247808
786432 226078
917504 873778
1048576 237301
1179648 241536
1310720 495505
1441792 188705
1572864 2035299
1703936 263392
1835008 231969
1966080 553460
2097152 221998
2228224 229853
2359296 276611
2490368 221070
2621440 254740
2752512 408287
2883584 207726
3014656 236209
3145728 224630
3276800 5001756
3407872 282485
3538944 230615
3670016 258878
3801088 353982
3932160 220304
4063232 232845
4194304 302370
4325376 231815
4456448 216459
4587520 14501505
4718592 223281
4849664 222194
4980736 270541
5111808 371586
5242880 304558
5373952 243730
5505024 210477
5636096 228459
5767168 234365
5898240 225196
6029312 261539
6160384 463566
6291456 359291
6422528 208218
6553600 252210
6684672 253622
6815744 231692
6946816 722072
7077888 1843550
7208960 254819
7340032 242181
7471104 228849
7602176 258326
7733248 242831
7864320 229699
7995392 904103
8126464 11352082
8257536 232708
8388608 489333
8519680 225381
8650752 247419
8781824 10275893
8912896 190072
9043968 246313
9175040 248859
9306112 260105
9437184 608273
9568256 224614
9699328 237695
9830400 5063089
9961472 180715
10092544 207700
10223616 261467
10354688 262415
10485760 258873
10616832 247395
10747904 497642
10878976 260107
11010048 224629
11141120 270546
11272192 243600
11403264 231718
11534336 236916
11665408 263884
11796480 363922
11927552 274932
12058624 238582
12189696 323026
12320768 7635045
12451840 218439
12582912 332340
12713984 274247
12845056 216322
12976128 248535
13107200 6680265
13238272 224386
13369344 234630
13500416 294975
13631488 424043
13762560 275339
13893632 236435
14024704 245003
14155776 242749
14286848 246611
14417920 222236
14548992 277493
14680064 223905
14811136 1682278
14942208 507071
15073280 236032
15204352 244376
15335424 239423
15466496 201291
15597568 194478
15728640 231525
15859712 244875
15990784 1050677
16121856 227587
16252928 239361
16384000 301222
16515072 210119
16646144 215407
var: 4238634015852.7944
stdev: 2058794.3112
avr: 781250.0078
cov: 2.6353

