0 1238587
2048 2616785
4096 4358679
6144 2038213
8192 1238581
10240 3276792
12288 3276804
14336 2038203
16384 1158974
18432 5315051
20480 4515386
22528 1854641
65536 113034977
67584 127980087
69632 101274509
71680 107068449
73728 87468762
75776 110891896
77824 89888508
79872 91814743
81920 139566980
83968 100919775
86016 147799127
88064 113062990
90112 97018709
92160 108279035
94208 109070588
96256 88690279
1474560 20072920
1476608 15159037
1478656 22263632
1480704 19431317
1482752 8027035
1484800 9795627
1486848 13698182
1488896 3525022
1490944 32932314
1492992 4478271
1495040 6214414
1497088 10739105
1499136 11185978
1501184 21887670
1503232 7111341
1505280 16324122
1556480 3988507
1564672 1403612
1570816 5005785