2048 316794
4096 386717
65536 4289452
67584 3775948
69632 8469497
71680 4869422
73728 2494968
75776 807248
77824 3274653
79872 3266076
81920 5828415
83968 11000948
86016 5798890
88064 10141590
90112 1568202
92160 4996822
94208 2350664
96256 7447005
1474560 126629321
1476608 137148776
1478656 128763105
1480704 133574342
1482752 105202473
1484800 114293509
1486848 111948232
1488896 110939065
1490944 121551360
1492992 125350038
1495040 130219149
1497088 125342739
1499136 106593173
1501184 106878779
1503232 118089604
1505280 112120734
1568768 4272291