2048 2187542
4096 2844263
8192 2038184
14336 1238597
65536 18214974
67584 3276766
69632 14050839
71680 3277125
73728 14235332
75776 4234325
77824 5190105
79872 9107965
81920 5739135
83968 7033317
86016 956743
88064 9209667
90112 5920597
92160 13105736
94208 3754577
96256 13263041
1474560 154395491
1476608 129396090
1478656 159422786
1480704 117715273
1482752 107325116
1484800 103284563
1486848 101609728
1488896 104861972
1490944 128094875
1492992 103674819
1495040 120716829
1497088 116890665
1499136 92818816
1501184 106766087
1503232 102247271
1505280 109058387
1570816 2842403