0 2499729
2048 2468195
4096 2519761
6144 2504656
8192 2587945
10240 2560869
12288 2614734
14336 2592467
16384 2494650
18432 2472855
20480 2528634
22528 2504922
24576 2587792
26624 2560099
28672 2613639
30720 2591344
32768 0
34816 0
36864 0
38912 0
40960 0
43008 0
45056 0
47104 0
49152 0
51200 0
53248 0
55296 0
57344 0
59392 0
61440 0
63488 0
65536 455151
67584 0
69632 60650160
71680 19274489
73728 0
75776 0
77824 0
79872 0
81920 0
83968 0
86016 0
88064 0
90112 0
92160 0
94208 0
96256 0
98304 0
100352 0
102400 0
104448 0
106496 0
108544 0
110592 0
112640 0
114688 0
116736 0
118784 0
120832 0
122880 0
124928 0
126976 0
129024 0
131072 0
133120 0
135168 0
137216 0
139264 0
141312 0
143360 0
145408 0
147456 0
149504 0
151552 0
153600 0
155648 0
157696 0
159744 0
161792 0
163840 0
165888 0
167936 0
169984 0
172032 0
174080 0
176128 0
178176 0
180224 0
182272 0
184320 0
186368 0
188416 0
190464 0
192512 0
194560 0
196608 0
198656 0
200704 0
202752 0
204800 0
206848 0
208896 0
210944 0
212992 0
215040 0
217088 0
219136 0
221184 0
223232 0
225280 0
227328 0
229376 0
231424 0
233472 0
235520 0
237568 0
239616 0
241664 0
243712 0
245760 0
247808 0
249856 0
251904 0
253952 0
256000 0
258048 0
260096 0
262144 0
264192 0
266240 0
268288 0
270336 0
272384 0
274432 0
276480 0
278528 0
280576 0
282624 0
284672 0
286720 0
288768 0
290816 0
292864 0
294912 0
296960 0
299008 0
301056 0
303104 0
305152 0
307200 0
309248 0
311296 0
313344 0
315392 0
317440 0
319488 0
321536 0
323584 0
325632 0
327680 0
329728 0
331776 0
333824 0
335872 0
337920 0
339968 0
342016 0
344064 0
346112 0
348160 0
350208 0
352256 0
354304 0
356352 0
358400 0
360448 0
362496 0
364544 0
366592 0
368640 0
370688 0
372736 0
374784 0
376832 0
378880 0
380928 0
382976 0
385024 0
387072 0
389120 0
391168 0
393216 0
395264 0
397312 0
399360 0
401408 0
403456 0
405504 0
407552 0
409600 0
411648 0
413696 0
415744 0
417792 0
419840 0
421888 0
423936 0
425984 0
428032 0
430080 0
432128 0
434176 0
436224 0
438272 0
440320 0
442368 0
444416 0
446464 0
448512 0
450560 0
452608 0
454656 0
456704 0
458752 0
460800 0
462848 0
464896 0
466944 0
468992 0
471040 0
473088 0
475136 0
477184 0
479232 0
481280 0
483328 0
485376 0
487424 0
489472 0
491520 0
493568 0
495616 0
497664 0
499712 0
501760 0
503808 0
505856 0
507904 0
509952 0
512000 0
514048 0
516096 0
518144 0
520192 0
522240 0
524288 0
526336 0
528384 0
530432 0
532480 0
534528 0
536576 0
538624 0
540672 0
542720 0
544768 0
546816 0
548864 0
550912 0
552960 0
555008 0
557056 0
559104 0
561152 0
563200 0
565248 0
567296 0
569344 0
571392 0
573440 0
575488 0
577536 0
579584 0
581632 0
583680 0
585728 0
587776 0
589824 0
591872 0
593920 0
595968 0
598016 0
600064 0
602112 0
604160 0
606208 0
608256 0
610304 0
612352 0
614400 0
616448 0
618496 0
620544 0
622592 0
624640 0
626688 0
628736 0
630784 0
632832 0
634880 0
636928 0
638976 0
641024 0
643072 0
645120 0
647168 0
649216 0
651264 0
653312 0
655360 0
657408 0
659456 0
661504 0
663552 0
665600 0
667648 0
669696 0
671744 0
673792 0
675840 0
677888 0
679936 0
681984 0
684032 0
686080 0
688128 0
690176 0
692224 0
694272 0
696320 0
698368 0
700416 0
702464 0
704512 0
706560 0
708608 0
710656 0
712704 0
714752 0
716800 0
718848 0
720896 0
722944 0
724992 0
727040 0
729088 0
731136 0
733184 0
735232 0
737280 0
739328 0
741376 0
743424 0
745472 0
747520 0
749568 0
751616 0
753664 0
755712 0
757760 0
759808 0
761856 0
763904 0
765952 0
768000 0
770048 0
772096 0
774144 0
776192 0
778240 0
780288 0
782336 0
784384 0
786432 0
788480 0
790528 0
792576 0
794624 0
796672 0
798720 0
800768 0
802816 0
804864 0
806912 0
808960 0
811008 0
813056 0
815104 0
817152 0
819200 0
821248 0
823296 0
825344 0
827392 0
829440 0
831488 0
833536 0
835584 0
837632 0
839680 0
841728 0
843776 0
845824 0
847872 0
849920 0
851968 0
854016 0
856064 0
858112 0
860160 0
862208 0
864256 0
866304 0
868352 0
870400 0
872448 0
874496 0
876544 0
878592 0
880640 0
882688 0
884736 0
886784 0
888832 0
890880 0
892928 0
894976 0
897024 0
899072 0
901120 0
903168 0
905216 0
907264 0
909312 0
911360 0
913408 0
915456 0
917504 0
919552 0
921600 0
923648 0
925696 0
927744 0
929792 0
931840 0
933888 0
935936 0
937984 0
940032 0
942080 0
944128 0
946176 0
948224 0
950272 0
952320 0
954368 0
956416 0
958464 0
960512 0
962560 0
964608 0
966656 0
968704 0
970752 0
972800 0
974848 0
976896 0
978944 0
980992 0
983040 0
985088 0
987136 0
989184 0
991232 0
993280 0
995328 0
997376 0
999424 0
1001472 0
1003520 0
1005568 0
1007616 0
1009664 0
1011712 0
1013760 0
1015808 0
1017856 0
1019904 0
1021952 0
1024000 0
1026048 0
1028096 0
1030144 0
1032192 0
1034240 0
1036288 0
1038336 0
1040384 0
1042432 0
1044480 0
1046528 0
1048576 0
1050624 0
1052672 0
1054720 0
1056768 0
1058816 0
1060864 0
1062912 0
1064960 0
1067008 0
1069056 0
1071104 0
1073152 0
1075200 0
1077248 0
1079296 0
1081344 0
1083392 0
1085440 0
1087488 0
1089536 0
1091584 0
1093632 0
1095680 0
1097728 0
1099776 0
1101824 0
1103872 0
1105920 0
1107968 0
1110016 0
1112064 0
1114112 0
1116160 0
1118208 0
1120256 0
1122304 0
1124352 0
1126400 0
1128448 0
1130496 0
1132544 0
1134592 0
1136640 0
1138688 0
1140736 0
1142784 0
1144832 0
1146880 0
1148928 0
1150976 0
1153024 0
1155072 0
1157120 0
1159168 0
1161216 0
1163264 0
1165312 0
1167360 0
1169408 0
1171456 0
1173504 0
1175552 0
1177600 0
1179648 0
1181696 0
1183744 0
1185792 0
1187840 0
1189888 0
1191936 0
1193984 0
1196032 0
1198080 0
1200128 0
1202176 0
1204224 0
1206272 0
1208320 0
1210368 0
1212416 0
1214464 0
1216512 0
1218560 0
1220608 0
1222656 0
1224704 0
1226752 0
1228800 0
1230848 0
1232896 0
1234944 0
1236992 0
1239040 0
1241088 0
1243136 0
1245184 0
1247232 0
1249280 0
1251328 0
1253376 0
1255424 0
1257472 0
1259520 0
1261568 0
1263616 0
1265664 0
1267712 0
1269760 0
1271808 0
1273856 0
1275904 0
1277952 0
1280000 0
1282048 0
1284096 0
1286144 0
1288192 0
1290240 0
1292288 0
1294336 0
1296384 0
1298432 0
1300480 0
1302528 0
1304576 0
1306624 0
1308672 0
1310720 0
1312768 0
1314816 0
1316864 0
1318912 0
1320960 0
1323008 0
1325056 0
1327104 0
1329152 0
1331200 0
1333248 0
1335296 0
1337344 0
1339392 0
1341440 0
1343488 0
1345536 0
1347584 0
1349632 0
1351680 0
1353728 0
1355776 0
1357824 0
1359872 0
1361920 0
1363968 0
1366016 0
1368064 0
1370112 0
1372160 0
1374208 0
1376256 0
1378304 0
1380352 0
1382400 0
1384448 0
1386496 0
1388544 0
1390592 0
1392640 0
1394688 0
1396736 0
1398784 0
1400832 0
1402880 0
1404928 0
1406976 0
1409024 0
1411072 0
1413120 0
1415168 0
1417216 0
1419264 0
1421312 0
1423360 0
1425408 0
1427456 0
1429504 0
1431552 0
1433600 0
1435648 0
1437696 0
1439744 0
1441792 0
1443840 0
1445888 0
1447936 0
1449984 0
1452032 0
1454080 0
1456128 0
1458176 0
1460224 0
1462272 0
1464320 0
1466368 0
1468416 0
1470464 0
1472512 0
1474560 0
1476608 0
1478656 83422426
1480704 375857618
1482752 158502046
1484800 0
1486848 0
1488896 28072236
1490944 947483770
1492992 321286325
1495040 0
1497088 0
1499136 0
1501184 0
1503232 0
1505280 19978
1507328 0
1509376 0
1511424 0
1513472 0
1515520 0
1517568 0
1519616 0
1521664 0
1523712 0
1525760 0
1527808 0
1529856 0
1531904 0
1533952 0
1536000 0
1538048 0
1540096 0
1542144 0
1544192 0
1546240 0
1548288 0
1550336 0
1552384 0
1554432 0
1556480 0
1558528 0
1560576 0
1562624 0
1564672 0
1566720 0
1568768 4272291
1570816 0
1572864 0
1574912 0
1576960 0
1579008 0
1581056 0
1583104 0
1585152 0
1587200 0
1589248 0
1591296 0
1593344 0
1595392 0
1597440 0
1599488 0
1601536 0
1603584 0
1605632 0
1607680 0
1609728 0
1611776 0
1613824 0
1615872 0
1617920 0
1619968 0
1622016 0
1624064 0
1626112 0
1628160 0
1630208 0
1632256 0
1634304 0
1636352 0
1638400 0
1640448 0
1642496 0
1644544 0
1646592 0
1648640 0
1650688 0
1652736 0
1654784 0
1656832 0
1658880 0
1660928 0
1662976 0
1665024 0
1667072 0
1669120 0
1671168 0
1673216 0
1675264 0
1677312 0
1679360 0
1681408 0
1683456 0
1685504 0
1687552 0
1689600 0
1691648 0
1693696 0
1695744 0
1697792 0
1699840 0
1701888 0
1703936 0
1705984 0
1708032 0
1710080 0
1712128 0
1714176 0
1716224 0
1718272 0
1720320 0
1722368 0
1724416 0
1726464 0
1728512 0
1730560 0
1732608 0
1734656 0
1736704 0
1738752 0
1740800 0
1742848 0
1744896 0
1746944 0
1748992 0
1751040 0
1753088 0
1755136 0
1757184 0
1759232 0
1761280 0
1763328 0
1765376 0
1767424 0
1769472 0
1771520 0
1773568 0
1775616 0
1777664 0
1779712 0
1781760 0
1783808 0
1785856 0
1787904 0
1789952 0
1792000 0
1794048 0
1796096 0
1798144 0
1800192 0
1802240 0
1804288 0
1806336 0
1808384 0
1810432 0
1812480 0
1814528 0
1816576 0
1818624 0
1820672 0
1822720 0
1824768 0
1826816 0
1828864 0
1830912 0
1832960 0
1835008 0
1837056 0
1839104 0
1841152 0
1843200 0
1845248 0
1847296 0
1849344 0
1851392 0
1853440 0
1855488 0
1857536 0
1859584 0
1861632 0
1863680 0
1865728 0
1867776 0
1869824 0
1871872 0
1873920 0
1875968 0
1878016 0
1880064 0
1882112 0
1884160 0
1886208 0
1888256 0
1890304 0
1892352 0
1894400 0
1896448 0
1898496 0
1900544 0
1902592 0
1904640 0
1906688 0
1908736 0
1910784 0
1912832 0
1914880 0
1916928 0
1918976 0
1921024 0
1923072 0
1925120 0
1927168 0
1929216 0
1931264 0
1933312 0
1935360 0
1937408 0
1939456 0
1941504 0
1943552 0
1945600 0
1947648 0
1949696 0
1951744 0
1953792 0
1955840 0
1957888 0
1959936 0
1961984 0
1964032 0
1966080 0
1968128 0
1970176 0
1972224 0
1974272 0
1976320 0
1978368 0
1980416 0
1982464 0
1984512 0
1986560 0
1988608 0
1990656 0
1992704 0
1994752 0
1996800 0
1998848 0
2000896 0
2002944 0
2004992 0
2007040 0
2009088 0
2011136 0
2013184 0
2015232 0
2017280 0
2019328 0
2021376 0
2023424 0
2025472 0
2027520 0
2029568 0
2031616 0
2033664 0
2035712 0
2037760 0
2039808 0
2041856 0
2043904 0
2045952 0
2048000 0
2050048 0
2052096 0
2054144 0
2056192 0
2058240 0
2060288 0
2062336 0
2064384 0
2066432 0
2068480 0
2070528 0
2072576 0
2074624 0
2076672 0
2078720 0
2080768 0
2082816 0
2084864 0
2086912 0
2088960 0
2091008 0
2093056 0
2095104 0
2097152 0
2099200 0
2101248 0
2103296 0
2105344 0
2107392 0
2109440 0
2111488 0
2113536 0
2115584 0
2117632 0
2119680 0
2121728 0
2123776 0
2125824 0
2127872 0
2129920 0
2131968 0
2134016 0
2136064 0
2138112 0
2140160 0
2142208 0
2144256 0
2146304 0
2148352 0
2150400 0
2152448 0
2154496 0
2156544 0
2158592 0
2160640 0
2162688 0
2164736 0
2166784 0
2168832 0
2170880 0
2172928 0
2174976 0
2177024 0
2179072 0
2181120 0
2183168 0
2185216 0
2187264 0
2189312 0
2191360 0
2193408 0
2195456 0
2197504 0
2199552 0
2201600 0
2203648 0
2205696 0
2207744 0
2209792 0
2211840 0
2213888 0
2215936 0
2217984 0
2220032 0
2222080 0
2224128 0
2226176 0
2228224 0
2230272 0
2232320 0
2234368 0
2236416 0
2238464 0
2240512 0
2242560 0
2244608 0
2246656 0
2248704 0
2250752 0
2252800 0
2254848 0
2256896 0
2258944 0
2260992 0
2263040 0
2265088 0
2267136 0
2269184 0
2271232 0
2273280 0
2275328 0
2277376 0
2279424 0
2281472 0
2283520 0
2285568 0
2287616 0
2289664 0
2291712 0
2293760 0
2295808 0
2297856 0
2299904 0
2301952 0
2304000 0
2306048 0
2308096 0
2310144 0
2312192 0
2314240 0
2316288 0
2318336 0
2320384 0
2322432 0
2324480 0
2326528 0
2328576 0
2330624 0
2332672 0
2334720 0
2336768 0
2338816 0
2340864 0
2342912 0
2344960 0
2347008 0
2349056 0
2351104 0
2353152 0
2355200 0
2357248 0
2359296 0
2361344 0
2363392 0
2365440 0
2367488 0
2369536 0
2371584 0
2373632 0
2375680 0
2377728 0
2379776 0
2381824 0
2383872 0
2385920 0
2387968 0
2390016 0
2392064 0
2394112 0
2396160 0
2398208 0
2400256 0
2402304 0
2404352 0
2406400 0
2408448 0
2410496 0
2412544 0
2414592 0
2416640 0
2418688 0
2420736 0
2422784 0
2424832 0
2426880 0
2428928 0
2430976 0
2433024 0
2435072 0
2437120 0
2439168 0
2441216 0
2443264 0
2445312 0
2447360 0
2449408 0
2451456 0
2453504 0
2455552 0
2457600 0
2459648 0
2461696 0
2463744 0
2465792 0
2467840 0
2469888 0
2471936 0
2473984 0
2476032 0
2478080 0
2480128 0
2482176 0
2484224 0
2486272 0
2488320 0
2490368 0
2492416 0
2494464 0
2496512 0
2498560 0
2500608 0
2502656 0
2504704 0
2506752 0
2508800 0
2510848 0
2512896 0
2514944 0
2516992 0
2519040 0
2521088 0
2523136 0
2525184 0
2527232 0
2529280 0
2531328 0
2533376 0
2535424 0
2537472 0
2539520 0
2541568 0
2543616 0
2545664 0
2547712 0
2549760 0
2551808 0
2553856 0
2555904 0
2557952 0
2560000 0
2562048 0
2564096 0
2566144 0
2568192 0
2570240 0
2572288 0
2574336 0
2576384 0
2578432 0
2580480 0
2582528 0
2584576 0
2586624 0
2588672 0
2590720 0
2592768 0
2594816 0
2596864 0
2598912 0
2600960 0
2603008 0
2605056 0
2607104 0
2609152 0
2611200 0
2613248 0
2615296 0
2617344 0
2619392 0
2621440 0
2623488 0
2625536 0
2627584 0
2629632 0
2631680 0
2633728 0
2635776 0
2637824 0
2639872 0
2641920 0
2643968 0
2646016 0
2648064 0
2650112 0
2652160 0
2654208 0
2656256 0
2658304 0
2660352 0
2662400 0
2664448 0
2666496 0
2668544 0
2670592 0
2672640 0
2674688 0
2676736 0
2678784 0
2680832 0
2682880 0
2684928 0
2686976 0
2689024 0
2691072 0
2693120 0
2695168 0
2697216 0
2699264 0
2701312 0
2703360 0
2705408 0
2707456 0
2709504 0
2711552 0
2713600 0
2715648 0
2717696 0
2719744 0
2721792 0
2723840 0
2725888 0
2727936 0
2729984 0
2732032 0
2734080 0
2736128 0
2738176 0
2740224 0
2742272 0
2744320 0
2746368 0
2748416 0
2750464 0
2752512 0
2754560 0
2756608 0
2758656 0
2760704 0
2762752 0
2764800 0
2766848 0
2768896 0
2770944 0
2772992 0
2775040 0
2777088 0
2779136 0
2781184 0
2783232 0
2785280 0
2787328 0
2789376 0
2791424 0
2793472 0
2795520 0
2797568 0
2799616 0
2801664 0
2803712 0
2805760 0
2807808 0
2809856 0
2811904 0
2813952 0
2816000 0
2818048 0
2820096 0
2822144 0
2824192 0
2826240 0
2828288 0
2830336 0
2832384 0
2834432 0
2836480 0
2838528 0
2840576 0
2842624 0
2844672 0
2846720 0
2848768 0
2850816 0
2852864 0
2854912 0
2856960 0
2859008 0
2861056 0
2863104 0
2865152 0
2867200 0
2869248 0
2871296 0
2873344 0
2875392 0
2877440 0
2879488 0
2881536 0
2883584 0
2885632 0
2887680 0
2889728 0
2891776 0
2893824 0
2895872 0
2897920 0
2899968 0
2902016 0
2904064 0
2906112 0
2908160 0
2910208 0
2912256 0
2914304 0
2916352 0
2918400 0
2920448 0
2922496 0
2924544 0
2926592 0
2928640 0
2930688 0
2932736 0
2934784 0
2936832 0
2938880 0
2940928 0
2942976 0
2945024 0
2947072 0
2949120 0
2951168 0
2953216 0
2955264 0
2957312 0
2959360 0
2961408 0
2963456 0
2965504 0
2967552 0
2969600 0
2971648 0
2973696 0
2975744 0
2977792 0
2979840 0
2981888 0
2983936 0
2985984 0
2988032 0
2990080 0
2992128 0
2994176 0
2996224 0
2998272 0
3000320 0
3002368 0
3004416 0
3006464 0
3008512 0
3010560 0
3012608 0
3014656 0
3016704 0
3018752 0
3020800 0
3022848 0
3024896 0
3026944 0
3028992 0
3031040 0
3033088 0
3035136 0
3037184 0
3039232 0
3041280 0
3043328 0
3045376 0
3047424 0
3049472 0
3051520 0
3053568 0
3055616 0
3057664 0
3059712 0
3061760 0
3063808 0
3065856 0
3067904 0
3069952 0
3072000 0
3074048 0
3076096 0
3078144 0
3080192 0
3082240 0
3084288 0
3086336 0
3088384 0
3090432 0
3092480 0
3094528 0
3096576 0
3098624 0
3100672 0
3102720 0
3104768 0
3106816 0
3108864 0
3110912 0
3112960 0
3115008 0
3117056 0
3119104 0
3121152 0
3123200 0
3125248 0
3127296 0
3129344 0
3131392 0
3133440 0
3135488 0
3137536 0
3139584 0
3141632 0
3143680 0
3145728 0
3147776 0
3149824 0
3151872 0
3153920 0
3155968 0
3158016 0
3160064 0
3162112 0
3164160 0
3166208 0
3168256 0
3170304 0
3172352 0
3174400 0
3176448 0
3178496 0
3180544 0
3182592 0
3184640 0
3186688 0
3188736 0
3190784 0
3192832 0
3194880 0
3196928 0
3198976 0
3201024 0
3203072 0
3205120 0
3207168 0
3209216 0
3211264 0
3213312 0
3215360 0
3217408 0
3219456 0
3221504 0
3223552 0
3225600 0
3227648 0
3229696 0
3231744 0
3233792 0
3235840 0
3237888 0
3239936 0
3241984 0
3244032 0
3246080 0
3248128 0
3250176 0
3252224 0
3254272 0
3256320 0
3258368 0
3260416 0
3262464 0
3264512 0
3266560 0
3268608 0
3270656 0
3272704 0
3274752 0
3276800 0
3278848 0
3280896 0
3282944 0
3284992 0
3287040 0
3289088 0
3291136 0
3293184 0
3295232 0
3297280 0
3299328 0
3301376 0
3303424 0
3305472 0
3307520 0
3309568 0
3311616 0
3313664 0
3315712 0
3317760 0
3319808 0
3321856 0
3323904 0
3325952 0
3328000 0
3330048 0
3332096 0
3334144 0
3336192 0
3338240 0
3340288 0
3342336 0
3344384 0
3346432 0
3348480 0
3350528 0
3352576 0
3354624 0
3356672 0
3358720 0
3360768 0
3362816 0
3364864 0
3366912 0
3368960 0
3371008 0
3373056 0
3375104 0
3377152 0
3379200 0
3381248 0
3383296 0
3385344 0
3387392 0
3389440 0
3391488 0
3393536 0
3395584 0
3397632 0
3399680 0
3401728 0
3403776 0
3405824 0
3407872 0
3409920 0
3411968 0
3414016 0
3416064 0
3418112 0
3420160 0
3422208 0
3424256 0
3426304 0
3428352 0
3430400 0
3432448 0
3434496 0
3436544 0
3438592 0
3440640 0
3442688 0
3444736 0
3446784 0
3448832 0
3450880 0
3452928 0
3454976 0
3457024 0
3459072 0
3461120 0
3463168 0
3465216 0
3467264 0
3469312 0
3471360 0
3473408 0
3475456 0
3477504 0
3479552 0
3481600 0
3483648 0
3485696 0
3487744 0
3489792 0
3491840 0
3493888 0
3495936 0
3497984 0
3500032 0
3502080 0
3504128 0
3506176 0
3508224 0
3510272 0
3512320 0
3514368 0
3516416 0
3518464 0
3520512 0
3522560 0
3524608 0
3526656 0
3528704 0
3530752 0
3532800 0
3534848 0
3536896 0
3538944 0
3540992 0
3543040 0
3545088 0
3547136 0
3549184 0
3551232 0
3553280 0
3555328 0
3557376 0
3559424 0
3561472 0
3563520 0
3565568 0
3567616 0
3569664 0
3571712 0
3573760 0
3575808 0
3577856 0
3579904 0
3581952 0
3584000 0
3586048 0
3588096 0
3590144 0
3592192 0
3594240 0
3596288 0
3598336 0
3600384 0
3602432 0
3604480 0
3606528 0
3608576 0
3610624 0
3612672 0
3614720 0
3616768 0
3618816 0
3620864 0
3622912 0
3624960 0
3627008 0
3629056 0
3631104 0
3633152 0
3635200 0
3637248 0
3639296 0
3641344 0
3643392 0
3645440 0
3647488 0
3649536 0
3651584 0
3653632 0
3655680 0
3657728 0
3659776 0
3661824 0
3663872 0
3665920 0
3667968 0
3670016 0
3672064 0
3674112 0
3676160 0
3678208 0
3680256 0
3682304 0
3684352 0
3686400 0
3688448 0
3690496 0
3692544 0
3694592 0
3696640 0
3698688 0
3700736 0
3702784 0
3704832 0
3706880 0
3708928 0
3710976 0
3713024 0
3715072 0
3717120 0
3719168 0
3721216 0
3723264 0
3725312 0
3727360 0
3729408 0
3731456 0
3733504 0
3735552 0
3737600 0
3739648 0
3741696 0
3743744 0
3745792 0
3747840 0
3749888 0
3751936 0
3753984 0
3756032 0
3758080 0
3760128 0
3762176 0
3764224 0
3766272 0
3768320 0
3770368 0
3772416 0
3774464 0
3776512 0
3778560 0
3780608 0
3782656 0
3784704 0
3786752 0
3788800 0
3790848 0
3792896 0
3794944 0
3796992 0
3799040 0
3801088 0
3803136 0
3805184 0
3807232 0
3809280 0
3811328 0
3813376 0
3815424 0
3817472 0
3819520 0
3821568 0
3823616 0
3825664 0
3827712 0
3829760 0
3831808 0
3833856 0
3835904 0
3837952 0
3840000 0
3842048 0
3844096 0
3846144 0
3848192 0
3850240 0
3852288 0
3854336 0
3856384 0
3858432 0
3860480 0
3862528 0
3864576 0
3866624 0
3868672 0
3870720 0
3872768 0
3874816 0
3876864 0
3878912 0
3880960 0
3883008 0
3885056 0
3887104 0
3889152 0
3891200 0
3893248 0
3895296 0
3897344 0
3899392 0
3901440 0
3903488 0
3905536 0
3907584 0
3909632 0
3911680 0
3913728 0
3915776 0
3917824 0
3919872 0
3921920 0
3923968 0
3926016 0
3928064 0
3930112 0
3932160 0
3934208 0
3936256 0
3938304 0
3940352 0
3942400 0
3944448 0
3946496 0
3948544 0
3950592 0
3952640 0
3954688 0
3956736 0
3958784 0
3960832 0
3962880 0
3964928 0
3966976 0
3969024 0
3971072 0
3973120 0
3975168 0
3977216 0
3979264 0
3981312 0
3983360 0
3985408 0
3987456 0
3989504 0
3991552 0
3993600 0
3995648 0
3997696 0
3999744 0
4001792 0
4003840 0
4005888 0
4007936 0
4009984 0
4012032 0
4014080 0
4016128 0
4018176 0
4020224 0
4022272 0
4024320 0
4026368 0
4028416 0
4030464 0
4032512 0
4034560 0
4036608 0
4038656 0
4040704 0
4042752 0
4044800 0
4046848 0
4048896 0
4050944 0
4052992 0
4055040 0
4057088 0
4059136 0
4061184 0
4063232 0
4065280 0
4067328 0
4069376 0
4071424 0
4073472 0
4075520 0
4077568 0
4079616 0
4081664 0
4083712 0
4085760 0
4087808 0
4089856 0
4091904 0
4093952 0
4096000 0
4098048 0
4100096 0
4102144 0
4104192 0
4106240 0
4108288 0
4110336 0
4112384 0
4114432 0
4116480 0
4118528 0
4120576 0
4122624 0
4124672 0
4126720 0
4128768 0
4130816 0
4132864 0
4134912 0
4136960 0
4139008 0
4141056 0
4143104 0
4145152 0
4147200 0
4149248 0
4151296 0
4153344 0
4155392 0
4157440 0
4159488 0
4161536 0
4163584 0
4165632 0
4167680 0
4169728 0
4171776 0
4173824 0
4175872 0
4177920 0
4179968 0
4182016 0
4184064 0
4186112 0
4188160 0
4190208 0
4192256 0
4194304 0
4196352 0
4198400 0
4200448 0
4202496 0
4204544 0
4206592 0
4208640 0
4210688 0
4212736 0
4214784 0
4216832 0
4218880 0
4220928 0
4222976 0
4225024 0
4227072 0
4229120 0
4231168 0
4233216 0
4235264 0
4237312 0
4239360 0
4241408 0
4243456 0
4245504 0
4247552 0
4249600 0
4251648 0
4253696 0
4255744 0
4257792 0
4259840 0
4261888 0
4263936 0
4265984 0
4268032 0
4270080 0
4272128 0
4274176 0
4276224 0
4278272 0
4280320 0
4282368 0
4284416 0
4286464 0
4288512 0
4290560 0
4292608 0
4294656 0
4296704 0
4298752 0
4300800 0
4302848 0
4304896 0
4306944 0
4308992 0
4311040 0
4313088 0
4315136 0
4317184 0
4319232 0
4321280 0
4323328 0
4325376 0
4327424 0
4329472 0
4331520 0
4333568 0
4335616 0
4337664 0
4339712 0
4341760 0
4343808 0
4345856 0
4347904 0
4349952 0
4352000 0
4354048 0
4356096 0
4358144 0
4360192 0
4362240 0
4364288 0
4366336 0
4368384 0
4370432 0
4372480 0
4374528 0
4376576 0
4378624 0
4380672 0
4382720 0
4384768 0
4386816 0
4388864 0
4390912 0
4392960 0
4395008 0
4397056 0
4399104 0
4401152 0
4403200 0
4405248 0
4407296 0
4409344 0
4411392 0
4413440 0
4415488 0
4417536 0
4419584 0
4421632 0
4423680 0
4425728 0
4427776 0
4429824 0
4431872 0
4433920 0
4435968 0
4438016 0
4440064 0
4442112 0
4444160 0
4446208 0
4448256 0
4450304 0
4452352 0
4454400 0
4456448 0
4458496 0
4460544 0
4462592 0
4464640 0
4466688 0
4468736 0
4470784 0
4472832 0
4474880 0
4476928 0
4478976 0
4481024 0
4483072 0
4485120 0
4487168 0
4489216 0
4491264 0
4493312 0
4495360 0
4497408 0
4499456 0
4501504 0
4503552 0
4505600 0
4507648 0
4509696 0
4511744 0
4513792 0
4515840 0
4517888 0
4519936 0
4521984 0
4524032 0
4526080 0
4528128 0
4530176 0
4532224 0
4534272 0
4536320 0
4538368 0
4540416 0
4542464 0
4544512 0
4546560 0
4548608 0
4550656 0
4552704 0
4554752 0
4556800 0
4558848 0
4560896 0
4562944 0
4564992 0
4567040 0
4569088 0
4571136 0
4573184 0
4575232 0
4577280 0
4579328 0
4581376 0
4583424 0
4585472 0
4587520 0
4589568 0
4591616 0
4593664 0
4595712 0
4597760 0
4599808 0
4601856 0
4603904 0
4605952 0
4608000 0
4610048 0
4612096 0
4614144 0
4616192 0
4618240 0
4620288 0
4622336 0
4624384 0
4626432 0
4628480 0
4630528 0
4632576 0
4634624 0
4636672 0
4638720 0
4640768 0
4642816 0
4644864 0
4646912 0
4648960 0
4651008 0
4653056 0
4655104 0
4657152 0
4659200 0
4661248 0
4663296 0
4665344 0
4667392 0
4669440 0
4671488 0
4673536 0
4675584 0
4677632 0
4679680 0
4681728 0
4683776 0
4685824 0
4687872 0
4689920 0
4691968 0
4694016 0
4696064 0
4698112 0
4700160 0
4702208 0
4704256 0
4706304 0
4708352 0
4710400 0
4712448 0
4714496 0
4716544 0
4718592 0
4720640 0
4722688 0
4724736 0
4726784 0
4728832 0
4730880 0
4732928 0
4734976 0
4737024 0
4739072 0
4741120 0
4743168 0
4745216 0
4747264 0
4749312 0
4751360 0
4753408 0
4755456 0
4757504 0
4759552 0
4761600 0
4763648 0
4765696 0
4767744 0
4769792 0
4771840 0
4773888 0
4775936 0
4777984 0
4780032 0
4782080 0
4784128 0
4786176 0
4788224 0
4790272 0
4792320 0
4794368 0
4796416 0
4798464 0
4800512 0
4802560 0
4804608 0
4806656 0
4808704 0
4810752 0
4812800 0
4814848 0
4816896 0
4818944 0
4820992 0
4823040 0
4825088 0
4827136 0
4829184 0
4831232 0
4833280 0
4835328 0
4837376 0
4839424 0
4841472 0
4843520 0
4845568 0
4847616 0
4849664 0
4851712 0
4853760 0
4855808 0
4857856 0
4859904 0
4861952 0
4864000 0
4866048 0
4868096 0
4870144 0
4872192 0
4874240 0
4876288 0
4878336 0
4880384 0
4882432 0
4884480 0
4886528 0
4888576 0
4890624 0
4892672 0
4894720 0
4896768 0
4898816 0
4900864 0
4902912 0
4904960 0
4907008 0
4909056 0
4911104 0
4913152 0
4915200 0
4917248 0
4919296 0
4921344 0
4923392 0
4925440 0
4927488 0
4929536 0
4931584 0
4933632 0
4935680 0
4937728 0
4939776 0
4941824 0
4943872 0
4945920 0
4947968 0
4950016 0
4952064 0
4954112 0
4956160 0
4958208 0
4960256 0
4962304 0
4964352 0
4966400 0
4968448 0
4970496 0
4972544 0
4974592 0
4976640 0
4978688 0
4980736 0
4982784 0
4984832 0
4986880 0
4988928 0
4990976 0
4993024 0
4995072 0
4997120 0
4999168 0
5001216 0
5003264 0
5005312 0
5007360 0
5009408 0
5011456 0
5013504 0
5015552 0
5017600 0
5019648 0
5021696 0
5023744 0
5025792 0
5027840 0
5029888 0
5031936 0
5033984 0
5036032 0
5038080 0
5040128 0
5042176 0
5044224 0
5046272 0
5048320 0
5050368 0
5052416 0
5054464 0
5056512 0
5058560 0
5060608 0
5062656 0
5064704 0
5066752 0
5068800 0
5070848 0
5072896 0
5074944 0
5076992 0
5079040 0
5081088 0
5083136 0
5085184 0
5087232 0
5089280 0
5091328 0
5093376 0
5095424 0
5097472 0
5099520 0
5101568 0
5103616 0
5105664 0
5107712 0
5109760 0
5111808 0
5113856 0
5115904 0
5117952 0
5120000 0
5122048 0
5124096 0
5126144 0
5128192 0
5130240 0
5132288 0
5134336 0
5136384 0
5138432 0
5140480 0
5142528 0
5144576 0
5146624 0
5148672 0
5150720 0
5152768 0
5154816 0
5156864 0
5158912 0
5160960 0
5163008 0
5165056 0
5167104 0
5169152 0
5171200 0
5173248 0
5175296 0
5177344 0
5179392 0
5181440 0
5183488 0
5185536 0
5187584 0
5189632 0
5191680 0
5193728 0
5195776 0
5197824 0
5199872 0
5201920 0
5203968 0
5206016 0
5208064 0
5210112 0
5212160 0
5214208 0
5216256 0
5218304 0
5220352 0
5222400 0
5224448 0
5226496 0
5228544 0
5230592 0
5232640 0
5234688 0
5236736 0
5238784 0
5240832 0
5242880 0
5244928 0
5246976 0
5249024 0
5251072 0
5253120 0
5255168 0
5257216 0
5259264 0
5261312 0
5263360 0
5265408 0
5267456 0
5269504 0
5271552 0
5273600 0
5275648 0
5277696 0
5279744 0
5281792 0
5283840 0
5285888 0
5287936 0
5289984 0
5292032 0
5294080 0
5296128 0
5298176 0
5300224 0
5302272 0
5304320 0
5306368 0
5308416 0
5310464 0
5312512 0
5314560 0
5316608 0
5318656 0
5320704 0
5322752 0
5324800 0
5326848 0
5328896 0
5330944 0
5332992 0
5335040 0
5337088 0
5339136 0
5341184 0
5343232 0
5345280 0
5347328 0
5349376 0
5351424 0
5353472 0
5355520 0
5357568 0
5359616 0
5361664 0
5363712 0
5365760 0
5367808 0
5369856 0
5371904 0
5373952 0
5376000 0
5378048 0
5380096 0
5382144 0
5384192 0
5386240 0
5388288 0
5390336 0
5392384 0
5394432 0
5396480 0
5398528 0
5400576 0
5402624 0
5404672 0
5406720 0
5408768 0
5410816 0
5412864 0
5414912 0
5416960 0
5419008 0
5421056 0
5423104 0
5425152 0
5427200 0
5429248 0
5431296 0
5433344 0
5435392 0
5437440 0
5439488 0
5441536 0
5443584 0
5445632 0
5447680 0
5449728 0
5451776 0
5453824 0
5455872 0
5457920 0
5459968 0
5462016 0
5464064 0
5466112 0
