Thu Jul 04 12:28:05 2013

pointer cache: no
random replacement sheme for pointer cache
method:start_gap
pcm size(line):16777216
addresses have been narrowed.
include extra wear-leveling write
cell lifetime: 100000000
deepth of the deepest point: 0
access count: 100000001
total write count: 100000001
total write count(without remapping): 0
percent(without/with remapping): 0.0000
wear-out count: 0
exceeded write count: 0
average access delay: 50 ns
normal space : backup space = 16777216 : 0 backup space percent:0.00

wear-out percent: 0.0000

count interval: 131072
footprint
0 709342
131072 719792
262144 684743
393216 2357820
524288 715528
655360 676216
786432 727336
917504 741471
1048576 706064
1179648 725040
1310720 675232
1441792 716116
1572864 663704
1703936 672608
1835008 726024
1966080 703439
2097152 887728
2228224 673264
2359296 730288
2490368 722808
2621440 717560
2752512 731928
2883584 675248
3014656 703392
3145728 810252
3276800 671624
3407872 734880
3538944 719512
3670016 746423
3801088 732254
3932160 704440
4063232 1692311
4194304 731272
4325376 718856
4456448 779808
4587520 672296
4718592 670656
4849664 1595224
4980736 725432
5111808 724712
5242880 723728
5373952 715920
5505024 1035656
5636096 766940
5767168 670656
5898240 867064
6029312 709031
6160384 729631
6291456 671624
6422528 756426
6553600 706720
6684672 730616
6815744 719136
6946816 698514
7077888 692896
7208960 676214
7340032 673264
7471104 742986
7602176 708032
7733248 737489
7864320 724056
7995392 711965
8126464 701424
8257536 687696
8388608 706720
8519680 725040
8650752 710984
8781824 800114
8912896 1173879
9043968 676872
9175040 715524
9306112 711312
9437184 703422
9568256 719136
9699328 673254
9830400 671248
9961472 785311
10092544 681789
10223616 726352
10354688 709672
10485760 1467304
10616832 670656
10747904 733240
10878976 745761
11010048 717876
11141120 722744
11272192 672280
11403264 1505024
11534336 949720
11665408 673280
11796480 745048
11927552 729038
12058624 731646
12189696 727664
12320768 670984
12451840 744622
12582912 735863
12713984 803824
12845056 2005552
12976128 670656
13107200 672948
13238272 890303
13369344 724429
13500416 732912
13631488 732256
13762560 724120
13893632 1238032
14024704 675904
14155776 675232
14286848 1019584
14417920 712640
14548992 730616
14680064 679821
14811136 663048
14942208 704094
15073280 725696
15204352 730944
15335424 704752
15466496 745640
15597568 684087
15728640 674247
15859712 716184
15990784 712623
16121856 722416
16252928 718808
16384000 715559
16515072 831184
16646144 678184
var: 59850215303.0389
stdev: 244643.0365
avr: 781250.0078
cov: 0.3131

