Thu Jul 04 16:26:26 2013

pointer cache: no
random replacement sheme for pointer cache
method:none
pcm size(line):16777216
addresses have been narrowed.
include extra wear-leveling write
cell lifetime: 100000000
max depth: 0
access count: 100000001
total write count: 100000001
total write count(without remapping): 0
percent(without/with remapping): 0.0000
wear-out count: 0
exceeded write count: 0
average access delay: 50 ns
normal space : backup space = 16777216 : 0
backup space percent:0.00
wear-out percent: 0.0000

count interval: 2048
footprint
0 32768
2048 32768
4096 32768
6144 32768
8192 32768
10240 32768
12288 131068
14336 163840
16384 163840
18432 163840
20480 163840
22528 163840
24576 163840
26624 163840
28672 163840
30720 163840
32768 163840
34816 163840
36864 163840
38912 163840
40960 163840
43008 163840
45056 163840
47104 163840
49152 162291
51200 48379
53248 153622
55296 196608
57344 196608
59392 256273
61440 1204592
63488 568342
65536 367276
67584 1962478
69632 2194626
71680 487634
73728 169177
75776 147461
77824 57358
79872 17559
81920 16384
83968 16384
86016 16384
88064 16384
90112 16384
92160 16384
94208 16384
96256 16384
98304 16384
100352 16384
102400 16384
104448 16384
106496 16384
108544 16384
110592 24446
112640 16476
114688 17324
116736 17999
118784 18496
120832 16384
122880 16384
124928 16384
126976 16384
129024 16384
131072 16384
133120 16384
135168 16384
137216 16384
139264 16384
141312 16384
143360 16384
145408 18476
147456 37468
149504 79072
151552 67428
153600 91741
155648 84597
157696 97080
159744 84781
161792 95598
163840 84485
165888 98304
167936 84805
169984 97080
172032 84485
174080 96495
176128 82651
178176 95544
180224 81290
182272 95238
184320 82524
186368 94659
188416 83823
190464 94959
192512 70740
194560 20213
196608 85992
198656 92819
200704 99449
202752 152841
204800 164926
206848 174973
208896 180401
210944 202941
212992 285546
215040 161900
217088 16384
219136 16384
221184 24574
223232 81920
225280 81920
227328 81920
229376 81920
231424 81920
233472 81920
235520 65901517
237568 81920
239616 80370
241664 65536
243712 65536
245760 65536
247808 65536
249856 65536
251904 63670
253952 32768
256000 32768
258048 32768
260096 32768
2101248 5117
2199552 4311739
2201600 12916221
2203648 80602
2205696 99292
2207744 22650
var: 33327744950124.2305
stdev: 5773018.7034
avr: 746268.6642
cov: 7.7358

