Thu Jul 04 12:14:46 2013

pointer cache: no
random replacement sheme for pointer cache
method:start_gap
pcm size(line):16777216
addresses have been narrowed.
include extra wear-leveling write
cell lifetime: 100000000
deepth of the deepest point: 0
access count: 100000001
total write count: 100000001
total write count(without remapping): 0
percent(without/with remapping): 0.0000
wear-out count: 0
exceeded write count: 0
average access delay: 50 ns
normal space : backup space = 16777216 : 0 backup space percent:0.00

wear-out percent: 0.0000

count interval: 131072
footprint
0 497465
131072 36288
262144 44543
393216 98527
524288 41853
655360 43200
786432 35840
917504 145600
1048576 147100
1179648 36288
1310720 37823
1441792 38944
1572864 37600
1703936 38944
1835008 35840
1966080 152911
2097152 33575
2228224 40287
2359296 35840
2490368 299342
2621440 336528
2752512 37184
2883584 40288
3014656 33799
3145728 55055
3276800 36032
3407872 35840
3538944 279184
3670016 270000
3801088 34496
3932160 37152
4063232 39623
4194304 35840
4325376 265968
4456448 37378
4587520 38043
4718592 35136
4849664 36263
4980736 273584
5111808 36288
5242880 55552
5373952 297552
5505024 32002
5636096 99740
5767168 40960
5898240 34472
6029312 310096
6160384 36735
6291456 34688
6422528 67383
6553600 538527
6684672 36064
6815744 36064
6946816 104096
7077888 36032
7208960 42525
7340032 34912
7471104 43648
7602176 575456
7733248 36288
7864320 36064
7995392 957278
8126464 44095
8257536 51936
8388608 563294
8519680 36064
8650752 60672
8781824 38942
8912896 46336
9043968 39167
9175040 35840
9306112 89824
9437184 119514
9568256 36288
9699328 39840
9830400 38496
9961472 38272
10092544 42749
10223616 35840
10354688 5047357
10485760 32680
10616832 38495
10747904 36512
10878976 347728
11010048 293070
11141120 36288
11272192 34016
11403264 34005
11534336 34920
11665408 35584
11796480 35840
11927552 302480
12058624 265296
12189696 36288
12320768 50351
12451840 40293
12582912 36063
12713984 271568
12845056 36264
12976128 36927
13107200 33344
13238272 31996
13369344 293072
13500416 36288
13631488 36064
13762560 301042
13893632 33576
14024704 11046971
14155776 41408
14286848 32678
14417920 323311
14548992 36736
14680064 42301
14811136 41631
14942208 127407
15073280 36064
15204352 35840
15335424 236226
15466496 41184
15597568 44767
15728640 41631
15859712 38720
15990784 740312
16121856 36288
16252928 36064
16384000 70360214
16515072 57983
16646144 40064
var: 39252653172652.3047
stdev: 6265193.7857
avr: 781250.0078
cov: 8.0194

