Thu Jul 04 12:24:33 2013

pointer cache: no
random replacement sheme for pointer cache
method:start_gap
pcm size(line):16777216
addresses have been narrowed.
include extra wear-leveling write
cell lifetime: 100000000
deepth of the deepest point: 0
access count: 100000001
total write count: 100000001
total write count(without remapping): 0
percent(without/with remapping): 0.0000
wear-out count: 0
exceeded write count: 0
average access delay: 50 ns
normal space : backup space = 16777216 : 0 backup space percent:0.00

wear-out percent: 0.0000

count interval: 131072
footprint
0 56014
131072 71011
262144 66048
393216 63461
524288 85388
655360 65237
786432 189941
917504 52906
1048576 55243
1179648 73322
1310720 66091
1441792 63444
1572864 62197
1703936 4871179
1835008 228503
1966080 53122
2097152 59388
2228224 65058
2359296 24254175
2490368 66594
2621440 143340
2752512 57992
2883584 64101
3014656 62611
3145728 62359
3276800 63956
3407872 63168
3538944 151869
3670016 73287
3801088 53793
3932160 65726
4063232 64392
4194304 86601
4325376 72657
4456448 62843
4587520 65282
4718592 64015
4849664 64525
4980736 80260
5111808 54178
5242880 73074
5373952 73469
5505024 60789
5636096 84623
5767168 62390
5898240 62043
6029312 72069
6160384 665473
6291456 67285
6422528 61820
6553600 53126
6684672 88674
6815744 310835
6946816 54000
7077888 63813
7208960 67131
7340032 64685
7471104 61436
7602176 53848
7733248 101024
7864320 60620
7995392 52246
8126464 61456
8257536 65068
8388608 55111
8519680 163030
8650752 82055
8781824 73579
8912896 63234
9043968 66608
9175040 143565
9306112 60412
9437184 52239
9568256 254452
9699328 66749
9830400 63869
9961472 60430
10092544 67130
10223616 82801
10354688 52611
10485760 64326
10616832 62195
10747904 12080001
10878976 139082
11010048 72438
11141120 21926981
11272192 64398
11403264 61504
11534336 63441
11665408 62629
11796480 55560
11927552 70522
12058624 94028
12189696 107830
12320768 63576
12451840 60878
12582912 55193
12713984 75095
12845056 61666
12976128 63288
13107200 64245
13238272 62693
13369344 91967
13500416 72857
13631488 62961
13762560 313674
13893632 64394
14024704 64758
14155776 64846
14286848 61443
14417920 63703
14548992 24100576
14680064 2469810
14811136 61534
14942208 52324
15073280 164719
15204352 81155
15335424 83293
15466496 62554
15597568 67435
15728640 65859
15859712 62337
15990784 52912
16121856 184373
16252928 110758
16384000 62132
16515072 64410
16646144 67499
var: 13663920544341.5020
stdev: 3696474.0692
avr: 781250.0078
cov: 4.7315

